# Loads the data for the Buses and assigns the columns
param: BUS: bus_num bus_Pd:= 
1	1	108  
2	2	97  
3	3	90  
4	4	154  
5	5	71  
6	6	148  
7	7	62  
8	8	85  
9	9	175  
10	10	100  
11	11	0    
12	12	0    
13	13	130 
14	14	92 
15	15	158
16	16	100 
17	17	0 
18	18	162 
19	19	90 
20	20	65  
21	21	0    
22	22	0    
23	23	0    
24	24	0  ;

# Loads the data for the GENs and assigns the columns
param: GEND: genD_bus genD_minUP genD_minDN genD_status genD_Pmax genD_Pmin genC_Startup genC_Cost
genC_NLoad SPRamp NSRamp HRamp StartRamp gen_Style:= 
1	1	1	1	1	20	15.8	75.85	163.02	1138.68	20	20	20	20	0
2	1	1	1	1	20	15.8	75.85	163.02	1138.68	20	20	20	20	0
3	1	8	4	1	76	15.2	1060.88	19.64	130.63	20	0	76	76	0
4	1	8	4	1	76	15.2	1060.88	19.64	130.63	20	0	76	76	0
5	2	1	1	1	20	15.8	75.85	163.02	1138.68	20	20	20	20	0
6	2	1	1	1	20	15.8	75.85	163.02	1138.68	20	20	20	20	0
7	2	8	4	1	76	15.2	1060.88	19.64	130.63	20	0	76	76	0
8	2	8	4	1	76	15.2	1060.88	19.64	130.63	20	0	76	76	0
9	7	8	8	1	100	25	4754.4	75.64	839.45	70	0	100	100	0
10	7	8	8	1	100	25	4754.4	75.64	839.45	70	0	100	100	0
11	7	8	8	1	100	25	4754.4	75.64	839.45	70	0	100	100	0
12	13	12	10	1	197	68.95	6510	74.75	1159.93	30	0	180	197	0
13	13	12	10	1	197	68.95	6510	74.75	1159.93	30	0	180	197	0
14	13	12	10	1	197	68.95	6510	74.75	1159.93	30	0	180	197	0
15	14	1	1	1	0	0	0	0	0	0	0	0	0	0
16	15	4	2	1	12	2.4	571.2	94.74	72.68	10	0	12	12	0
17	15	4	2	1	12	2.4	571.2	94.74	72.68	10	0	12	12	0
18	15	4	2	1	12	2.4	571.2	94.74	72.68	10	0	12	12	0
19	15	4	2	1	12	2.4	571.2	94.74	72.68	10	0	12	12	0
20	15	4	2	1	12	2.4	571.2	94.74	72.68	10	0	12	12	0
21	15	8	8	1	155	54.25	1696.34	15.46	252.67	30	0	155	155	0
22	16	8	8	1	155	54.25	1696.34	15.46	252.67	30	0	155	155	0
23	18	48	48	1	400	100	2400	5.46	215.08	200	0	400	400	0
24	21	48	48	1	400	100	2400	5.46	215.08	200	0	400	400	0
25	22	1	1	1	50	0	0	0	0	50	50	50	50	0
26	22	1	1	1	50	0	0	0	0	50	50	50	50	0
27	22	1	1	1	50	0	0	0	0	50	50	50	50	0
28	22	1	1	1	50	0	0	0	0	50	50	50	50	0
29	22	1	1	1	50	0	0	0	0	50	50	50	50	0
30	22	1	1	1	50	0	0	0	0	50	50	50	50	0
31	23	8	8	1	155	54.25	1696.34	15.46	252.67	30	0	155	155	0
32	23	8	8	1	155	54.25	1696.34	15.46	252.67	30	0	155	155	0
33	23	24	48	1	350	140	7953.04	15.89	358.23	40	0	240	350	0; 

# Loads the data for the BRANCHs and assigns the columns
param: BRANCH: branch_fbus branch_tbus branch_b branch_rateA branch_rateC branch_radial:=
1	1	2	-71.4286	157.5	180		0
2	1	3	-4.7393		157.5	198		0
3	1	5	-11.7647	157.5	198		0
4	2	4	-7.8740		157.5	198		0
5	2	6	-5.2083		157.5	198		0
6	3	9	-8.4034		157.5	198		0
7	3	24	-11.9048	360		540		0
8	4	9	-9.6154		157.5	198		0
9	5	10	-11.3636	157.5	198		0
10	6	10	-16.3934	157.5	180		0
11	7	8	-16.3934	157.5	198		1
12	8	9	-6.0606		157.5	198		0
13	8	10	-6.0606		157.5	198		0
14	9	11	-11.9048	460		540		0
15	9	12	-11.9048	460		540		0
16	10	11	-11.9048	460		540		0
17	10	12	-11.9048	460		540		0
18  11  13  -20.7572    450		562.5	0
19	11	14	-23.8095	450		562.5	0
20	12	13	-20.8333	450		562.5	0
21	12	23	-10.3093	450		562.5	0
22	13	23	-11.4943	450		562.5	0
23	14	16	-16.9492	315		393.75	0
24	15	16	-58.8235	450		562.5	0
25	15	21	-20.4082	450		562.5	0
26	15	21	-20.4082	450		562.5	0
27	15	24	-19.2308	450		562.5	0
28	16	17	-38.4615	450		562.5	0
29	16	19	-43.4783	450		562.5	0
30	17	18	-71.4286	450		562.5	0
31	17	22	-9.5238		450		562.5	0
32	18	21	-38.4615	450		562.5	0
33	18	21	-38.4615	450		562.5	0
34	19	20	-25.0000	450		562.5	0
35	19	20	-25.0000	450		562.5	0
36	20	23	-45.4545	450		562.5	0
37	20	23	-45.4545	450		562.5	0
38	21	22	-14.7059	450		562.5	0;

# Loads the data for the Load's percentage of peak annual load
param: LOAD: load_pcnt:= 
1	88
2	89
3	93
4	98
5	100
6	105
7	109
8	117
9	121
10	121
11	110
12	100
13	95
14	90
15	88
16	87
17	95
18	90
19	80
20	75
21	70
22	68
23	65
24	70;

#LODF matrix for the 24-Bus system
param lodf:	1	2	3	4	5	6	7	8	9	10	11	12	13	14	15	16	17	18	19	20	21	22	23	24	25	26	27	28	29	30	31	32	33	34	35	36	37	38:=
1	-1	0.391243	0.608757	-0.500173	-0.499827	0.283015	0.108228	-0.500173	0.608757	-0.499827	0	0.033081	-0.033081	-0.0951	-0.088977	0.034863	0.040986	-0.006782	-0.053455	-0.017522	-0.030469	-0.024304	-0.053455	0.032779	0.037725	0.037725	-0.108228	-0.07545	0.054773	-0.065264	-0.010186	-0.032632	-0.032632	0.027387	0.027387	0.027387	0.027387	0.010186
2	0.612464	-1	0.387536	0.381361	0.231103	-0.647628	-0.352372	0.381361	0.387536	0.231103	0	0.089773	-0.089773	-0.078279	-0.098214	0.274401	0.254465	0.022081	0.17404	0.057049	0.099202	0.07913	0.17404	-0.106721	-0.122826	-0.122826	0.352372	0.245651	-0.178332	0.212488	0.033163	0.106244	0.106244	-0.089166	-0.089166	-0.089166	-0.089166	-0.033163
3	0.710902	0.289098	-1	0.299608	0.411295	0.15262	0.136477	0.299608	-1	0.411295	0	-0.105602	0.105602	0.169453	0.177174	-0.245412	-0.237691	-0.008552	-0.067407	-0.022095	-0.038422	-0.030648	-0.067407	0.041334	0.047572	0.047572	-0.136477	-0.095143	0.06907	-0.082299	-0.012844	-0.041149	-0.041149	0.034535	0.034535	0.034535	0.034535	0.012844
4	-0.711197	0.346396	0.364802	-1	0.288803	0.297618	0.048777	-1	0.364802	0.288803	0	0.137564	-0.137564	-0.283789	-0.281029	0.256641	0.2594	-0.003057	-0.024092	-0.007897	-0.013732	-0.010954	-0.024092	0.014773	0.017002	0.017002	-0.048777	-0.034004	0.024686	-0.029414	-0.004591	-0.014707	-0.014707	0.012343	0.012343	0.012343	0.012343	0.004591
5	-0.711055	0.210017	0.501038	0.288945	-1	0.104853	0.105165	0.288945	0.501038	-1	0	-0.09057	0.09057	0.148639	0.154589	-0.207171	-0.201221	-0.00659	-0.051942	-0.017026	-0.029607	-0.023616	-0.051942	0.031851	0.036657	0.036657	-0.105165	-0.073314	0.053223	-0.063417	-0.009897	-0.031708	-0.031708	0.026611	0.026611	0.026611	0.026611	0.009897
6	0.317227	-0.463717	0.14649	0.234612	0.082615	-1	0.536283	0.234612	0.14649	0.082615	0	0.10089	-0.10089	-0.347418	-0.317079	0.048937	0.079277	-0.033606	-0.264875	-0.086824	-0.150978	-0.12043	-0.264875	0.162421	0.186931	0.186931	-0.536283	-0.373862	0.271408	-0.323391	-0.050471	-0.161695	-0.161695	0.135704	0.135704	0.135704	0.135704	0.050471
7	0.153833	-0.319946	0.166113	0.048759	0.105074	0.680054	-1	0.048759	0.166113	0.105074	0	-0.046426	0.046426	0.36948	0.312907	0.187093	0.13052	0.062665	0.493909	0.161899	0.281527	0.224563	0.493909	-0.302864	-0.348568	-0.348568	1	0.697136	-0.506091	0.603022	0.094113	0.301511	0.301511	-0.253045	-0.253045	-0.253045	-0.253045	-0.094113
8	-0.711197	0.346396	0.364802	-1	0.288803	0.297618	0.048777	-1	0.364802	0.288803	0	0.137564	-0.137564	-0.283789	-0.281029	0.256641	0.2594	-0.003057	-0.024092	-0.007897	-0.013732	-0.010954	-0.024092	0.014773	0.017002	0.017002	-0.048777	-0.034004	0.024686	-0.029414	-0.004591	-0.014707	-0.014707	0.012343	0.012343	0.012343	0.012343	0.004591
9	0.710902	0.289098	-1	0.299608	0.411295	0.15262	0.136477	0.299608	-1	0.411295	0	-0.105602	0.105602	0.169453	0.177174	-0.245412	-0.237691	-0.008552	-0.067407	-0.022095	-0.038422	-0.030648	-0.067407	0.041334	0.047572	0.047572	-0.136477	-0.095143	0.06907	-0.082299	-0.012844	-0.041149	-0.041149	0.034535	0.034535	0.034535	0.034535	0.012844
10	-0.711055	0.210017	0.501038	0.288945	-1	0.104853	0.105165	0.288945	0.501038	-1	0	-0.09057	0.09057	0.148639	0.154589	-0.207171	-0.201221	-0.00659	-0.051942	-0.017026	-0.029607	-0.023616	-0.051942	0.031851	0.036657	0.036657	-0.105165	-0.073314	0.053223	-0.063417	-0.009897	-0.031708	-0.031708	0.026611	0.026611	0.026611	0.026611	0.009897
11	0	0	0	0	0	0	0	0	0	0	-1	0	0	0	0	0	0	0	0	0	0	0	0	0	0	0	0	0	0	0	0	0	0	0	0	0	0	0
12	0.052658	0.091284	-0.143942	0.153998	-0.10134	0.143275	-0.051991	0.153998	-0.143942	-0.10134	0	-1	1	-0.349893	-0.352834	0.37883	0.375888	0.003258	0.025679	0.008417	0.014637	0.011675	0.025679	-0.015746	-0.018122	-0.018122	0.051991	0.036245	-0.026312	0.031352	0.004893	0.015676	0.015676	-0.013156	-0.013156	-0.013156	-0.013156	-0.004893
13	-0.052658	-0.091284	0.143942	-0.153998	0.10134	-0.143275	0.051991	-0.153998	0.143942	0.10134	0	1	-1	0.349893	0.352834	-0.37883	-0.375888	-0.003258	-0.025679	-0.008417	-0.014637	-0.011675	-0.025679	0.015746	0.018122	0.018122	-0.051991	-0.036245	0.026312	-0.031352	-0.004893	-0.015676	-0.015676	0.013156	0.013156	0.013156	0.013156	0.004893
14	-0.063213	-0.033238	0.096451	-0.132663	0.06945	-0.206023	0.172785	-0.132663	0.096451	0.06945	0	-0.146109	0.146109	-1	0.515205	0.370805	-0.058795	-0.406897	-0.222298	0.343413	0.112997	-0.063484	-0.222298	0.05233	0.060227	0.060227	-0.172785	-0.120454	-0.049513	-0.104193	-0.016261	-0.052097	-0.052097	-0.024756	-0.024756	-0.024756	-0.024756	0.016261
15	-0.06023	-0.04247	0.1027	-0.133788	0.073558	-0.191488	0.149019	-0.133788	0.1027	0.073558	0	-0.150046	0.150046	0.524677	-1	-0.06479	0.391094	0.394013	0.065874	-0.40234	-0.206565	-0.008327	0.065874	0.045132	0.051943	0.051943	-0.149019	-0.103886	0.214893	-0.089862	-0.014025	-0.044931	-0.044931	0.107446	0.107446	0.107446	0.107446	0.014025
16	0.024328	0.12232	-0.146648	0.125951	-0.101623	0.030467	0.091853	0.125951	-0.146648	-0.101623	0	0.166077	-0.166077	0.389285	-0.066791	-1	0.585653	-0.421564	-0.18915	0.375024	0.143837	-0.04654	-0.18915	0.027819	0.032017	0.032017	-0.091853	-0.064034	-0.097297	-0.05539	-0.008645	-0.027695	-0.027695	-0.048649	-0.048649	-0.048649	-0.048649	0.008645
17	0.028855	0.114443	-0.143298	0.128438	-0.099583	0.049794	0.064649	0.128438	-0.143298	-0.099583	0	0.166254	-0.166254	-0.062275	0.406761	0.590865	-1	0.415458	0.113132	-0.403832	-0.189407	0.011626	0.113132	0.01958	0.022534	0.022534	-0.064649	-0.045069	0.177781	-0.038985	-0.006084	-0.019492	-0.019492	0.088891	0.088891	0.088891	0.088891	0.006084
18	-0.003681	0.007655	-0.003975	-0.001167	-0.002514	-0.016272	0.023927	-0.001167	-0.003975	-0.002514	0	0.001111	-0.001111	-0.332232	0.315904	-0.327868	0.320268	-1	0.3399	0.640986	-0.004813	-0.359014	0.3399	0.007247	0.00834	0.00834	-0.023927	-0.016681	0.363827	-0.014429	-0.002252	-0.007214	-0.007214	0.181914	0.181914	0.181914	0.181914	0.002252
19	-0.043397	0.090258	-0.046861	-0.013755	-0.029642	-0.191845	0.282102	-0.013755	-0.046861	-0.029642	0	0.013097	-0.013097	-0.271506	0.079004	-0.220055	0.130455	0.508439	-1	-0.103089	0.312548	0.40535	-1	0.085439	0.098332	0.098332	-0.282102	-0.196663	-0.717898	-0.170114	-0.02655	-0.085057	-0.085057	-0.358949	-0.358949	-0.358949	-0.358949	0.02655
20	-0.008802	0.018308	-0.009505	-0.00279	-0.006012	-0.038913	0.057221	-0.00279	-0.009505	-0.006012	0	0.002657	-0.002657	0.259545	-0.298591	0.269981	-0.288155	0.593317	-0.063792	-1	0.413254	-0.406683	-0.063792	0.01733	0.019945	0.019945	-0.057221	-0.039891	-0.006571	-0.034505	-0.005385	-0.017253	-0.017253	-0.003285	-0.003285	-0.003285	-0.003285	0.005385
21	-0.021814	0.045368	-0.023555	-0.006914	-0.0149	-0.096431	0.1418	-0.006914	-0.023555	-0.0149	0	0.006583	-0.006583	0.121705	-0.218467	0.147567	-0.192605	-0.006349	0.275621	0.588928	-1	0.582579	0.275621	0.042946	0.049427	0.049427	-0.1418	-0.098854	0.417421	-0.085508	-0.013345	-0.042754	-0.042754	0.208711	0.208711	0.208711	0.208711	0.013345
22	-0.016522	0.034362	-0.017841	-0.005237	-0.011285	-0.073038	0.1074	-0.005237	-0.017841	-0.011285	0	0.004986	-0.004986	-0.064926	-0.008363	-0.045337	0.011226	-0.449683	0.33942	-0.550317	0.55318	-1	0.33942	0.032528	0.037436	0.037436	-0.1074	-0.074873	0.44682	-0.064765	-0.010108	-0.032382	-0.032382	0.22341	0.22341	0.22341	0.22341	0.010108
23	-0.043397	0.090258	-0.046861	-0.013755	-0.029642	-0.191845	0.282102	-0.013755	-0.046861	-0.029642	0	0.013097	-0.013097	-0.271506	0.079004	-0.220055	0.130455	0.508439	-1	-0.103089	0.312548	0.40535	-1	0.085439	0.098332	0.098332	-0.282102	-0.196663	-0.717898	-0.170114	-0.02655	-0.085057	-0.085057	-0.358949	-0.358949	-0.358949	-0.358949	0.02655
24	0.030566	-0.063571	0.033006	0.009688	0.020878	0.135122	-0.198694	0.009688	0.033006	0.020878	0	-0.009225	0.009225	0.073413	0.062173	0.037174	0.025933	0.012451	0.098137	0.032168	0.055938	0.044619	0.098137	-1	0.400653	0.400653	0.198694	-0.801306	-0.100557	-0.69313	-0.108176	-0.346565	-0.346565	-0.050279	-0.050279	-0.050279	-0.050279	0.108176
25	0.013259	-0.027576	0.014317	0.004202	0.009056	0.058612	-0.086188	0.004202	0.014317	0.009056	0	-0.004001	0.004001	0.031845	0.026969	0.016125	0.011249	0.005401	0.042569	0.013954	0.024264	0.019355	0.042569	0.151005	-1	0.762807	0.086188	0.237193	-0.043619	0.205172	0.032021	0.102586	0.102586	-0.021809	-0.021809	-0.021809	-0.021809	-0.032021
26	0.013259	-0.027576	0.014317	0.004202	0.009056	0.058612	-0.086188	0.004202	0.014317	0.009056	0	-0.004001	0.004001	0.031845	0.026969	0.016125	0.011249	0.005401	0.042569	0.013954	0.024264	0.019355	0.042569	0.151005	0.762807	-1	0.086188	0.237193	-0.043619	0.205172	0.032021	0.102586	0.102586	-0.021809	-0.021809	-0.021809	-0.021809	-0.032021
27	-0.153833	0.319946	-0.166113	-0.048759	-0.105074	-0.680054	1	-0.048759	-0.166113	-0.105074	0	0.046426	-0.046426	-0.36948	-0.312907	-0.187093	-0.13052	-0.062665	-0.493909	-0.161899	-0.281527	-0.224563	-0.493909	0.302864	0.348568	0.348568	-1	-0.697136	0.506091	-0.603022	-0.094113	-0.301511	-0.301511	0.253045	0.253045	0.253045	0.253045	0.094113
28	-0.055898	0.116258	-0.06036	-0.017717	-0.03818	-0.247108	0.363366	-0.017717	-0.06036	-0.03818	0	0.01687	-0.01687	-0.134257	-0.1137	-0.067983	-0.047426	-0.02277	-0.17947	-0.058829	-0.102298	-0.081599	-0.17947	-0.636634	0.5	0.5	-0.363366	-1	0.183896	-0.865	-0.135	-0.4325	-0.4325	0.091948	0.091948	0.091948	0.091948	0.135
29	0.04416	-0.091845	0.047685	0.013997	0.030163	0.195218	-0.287062	0.013997	0.047685	0.030163	0	-0.013327	0.013327	-0.060055	0.255943	-0.112412	0.203587	0.54047	-0.712938	-0.010545	0.470075	0.529925	-0.712938	-0.086941	-0.100061	-0.100061	0.287062	0.200121	-1	0.173105	0.027016	0.086552	0.086552	-0.5	-0.5	-0.5	-0.5	-0.027016
30	-0.029151	0.06063	-0.031478	-0.00924	-0.019912	-0.12887	0.1895	-0.00924	-0.031478	-0.019912	0	0.008798	-0.008798	-0.070016	-0.059296	-0.035454	-0.024733	-0.011875	-0.093596	-0.03068	-0.053349	-0.042555	-0.093596	-0.332012	0.260756	0.260756	-0.1895	-0.521512	0.095904	-1	0.478488	-0.5	-0.5	0.047952	0.047952	0.047952	0.047952	-0.478488
31	-0.008126	0.016901	-0.008775	-0.002576	-0.00555	-0.035923	0.052824	-0.002576	-0.008775	-0.00555	0	0.002452	-0.002452	-0.019517	-0.016529	-0.009883	-0.006895	-0.00331	-0.02609	-0.008552	-0.014871	-0.011862	-0.02609	-0.09255	0.072687	0.072687	-0.052824	-0.145374	0.026734	0.854626	-1	0.427313	0.427313	0.013367	0.013367	0.013367	0.013367	1
32	-0.006173	0.012839	-0.006666	-0.001957	-0.004217	-0.02729	0.040129	-0.001957	-0.006666	-0.004217	0	0.001863	-0.001863	-0.014827	-0.012557	-0.007508	-0.005238	-0.002515	-0.01982	-0.006497	-0.011297	-0.009012	-0.01982	-0.070308	0.055219	0.055219	-0.040129	-0.110437	0.020309	-0.211764	0.101326	-1	0.788236	0.010154	0.010154	0.010154	0.010154	-0.101326
33	-0.006173	0.012839	-0.006666	-0.001957	-0.004217	-0.02729	0.040129	-0.001957	-0.006666	-0.004217	0	0.001863	-0.001863	-0.014827	-0.012557	-0.007508	-0.005238	-0.002515	-0.01982	-0.006497	-0.011297	-0.009012	-0.01982	-0.070308	0.055219	0.055219	-0.040129	-0.110437	0.020309	-0.211764	0.101326	0.788236	-1	0.010154	0.010154	0.010154	0.010154	-0.101326
34	0.008097	-0.016841	0.008744	0.002567	0.005531	0.035795	-0.052636	0.002567	0.008744	0.005531	0	-0.002444	0.002444	-0.011012	0.04693	-0.020612	0.03733	0.099102	-0.130726	-0.001934	0.086194	0.097168	-0.130726	-0.015942	-0.018347	-0.018347	0.052636	0.036695	-0.183362	0.031741	0.004954	0.01587	0.01587	-1	0.816638	-0.091681	-0.091681	-0.004954
35	0.008097	-0.016841	0.008744	0.002567	0.005531	0.035795	-0.052636	0.002567	0.008744	0.005531	0	-0.002444	0.002444	-0.011012	0.04693	-0.020612	0.03733	0.099102	-0.130726	-0.001934	0.086194	0.097168	-0.130726	-0.015942	-0.018347	-0.018347	0.052636	0.036695	-0.183362	0.031741	0.004954	0.01587	0.01587	0.816638	-1	-0.091681	-0.091681	-0.004954
36	0.004645	-0.009661	0.005016	0.001472	0.003173	0.020535	-0.030196	0.001472	0.005016	0.003173	0	-0.001402	0.001402	-0.006317	0.026922	-0.011824	0.021415	0.056851	-0.074993	-0.001109	0.049447	0.055742	-0.074993	-0.009145	-0.010525	-0.010525	0.030196	0.021051	-0.105189	0.018209	0.002842	0.009104	0.009104	-0.052594	-0.052594	-1	0.894811	-0.002842
37	0.004645	-0.009661	0.005016	0.001472	0.003173	0.020535	-0.030196	0.001472	0.005016	0.003173	0	-0.001402	0.001402	-0.006317	0.026922	-0.011824	0.021415	0.056851	-0.074993	-0.001109	0.049447	0.055742	-0.074993	-0.009145	-0.010525	-0.010525	0.030196	0.021051	-0.105189	0.018209	0.002842	0.009104	0.009104	-0.052594	-0.052594	0.894811	-1	-0.002842
38	0.008126	-0.016901	0.008775	0.002576	0.00555	0.035923	-0.052824	0.002576	0.008775	0.00555	0	-0.002452	0.002452	0.019517	0.016529	0.009883	0.006895	0.00331	0.02609	0.008552	0.014871	0.011862	0.02609	0.09255	-0.072687	-0.072687	0.052824	0.145374	-0.026734	-0.854626	1	-0.427313	-0.427313	-0.013367	-0.013367	-0.013367	-0.013367	-1
;

#defines the hour in the year to be simulated for load:
for {k in BUS, t in LOAD}
{
	let Bus_Pd[k,t]:=load_pcnt[t]*bus_Pd[k]/MBase;
};
